1st frame
target is [564,132]	 28
[468,40]	 27
[226,414]	 56
[564,132]	 28
[196,122]	 27
[288,36]	 27
[532,420]	 58
time 43407
6 circles detected


2nd frame
target is [564,132]	 28
[564,132]	 28
[468,40]	 27
[288,36]	 27
[196,122]	 27
[226,412]	 57
[532,416]	 56
time 17418
6 circles detected


3rd frame
target is [564,132]	 28
[468,40]	 27
[564,132]	 28
[288,36]	 27
[196,122]	 27
[226,412]	 56
[532,418]	 57
time 18843
6 circles detected


4th frame
target is [564,132]	 28
[468,40]	 27
[564,132]	 28
[286,36]	 27
[530,418]	 57
[196,122]	 27
[226,414]	 56
time 16799
6 circles detected


5th frame
target is [564,132]	 28
[564,132]	 28
[468,40]	 27
[288,36]	 27
[196,122]	 27
[226,416]	 55
[532,422]	 56
time 15540
6 circles detected


6th frame
target is [564,132]	 28
[468,40]	 27
[564,132]	 28
[286,36]	 27
[196,122]	 27
[530,418]	 57
[226,412]	 56
time 17936
6 circles detected


7th frame
target is [564,132]	 28
[468,40]	 27
[564,132]	 28
[286,36]	 27
[196,122]	 27
[226,416]	 55
[532,422]	 56
time 17285
6 circles detected


8th frame
target is [564,132]	 28
[468,40]	 27
[564,132]	 28
[288,36]	 27
[226,412]	 57
[196,122]	 27
[530,418]	 57
time 17983
6 circles detected


9th frame
target is [564,132]	 28
[468,40]	 27
[564,132]	 28
[288,36]	 27
[196,122]	 27
[530,418]	 57
[226,412]	 57
time 17002
6 circles detected


10th frame
target is [564,132]	 28
[468,40]	 27
[564,132]	 28
[288,36]	 27
[196,122]	 27
[530,418]	 57
[226,414]	 57
time 20232
6 circles detected


11st frame
target is [564,132]	 28
[468,40]	 27
[564,132]	 28
[288,36]	 27
[196,122]	 27
[226,412]	 57
[530,420]	 59
time 15872
6 circles detected


12nd frame
target is [564,132]	 28
[468,40]	 27
[564,132]	 28
[288,36]	 27
[530,420]	 59
[196,122]	 27
[226,412]	 57
time 16756
6 circles detected


13rd frame
target is [564,132]	 28
[470,40]	 28
[564,132]	 28
[288,36]	 27
[196,122]	 27
[530,420]	 59
[226,410]	 55
time 18451
6 circles detected


14th frame
target is [564,132]	 28
[564,132]	 28
[470,40]	 28
[286,36]	 27
[196,122]	 27
[532,418]	 57
[224,414]	 57
time 15240
6 circles detected


15th frame
target is [564,132]	 28
[564,132]	 28
[470,40]	 28
[286,36]	 27
[196,122]	 27
[532,420]	 57
[228,414]	 57
time 16907
6 circles detected


16th frame
target is [564,132]	 28
[470,40]	 28
[286,36]	 27
[196,122]	 27
[564,132]	 28
[530,420]	 59
[226,412]	 56
time 16711
6 circles detected


17th frame
target is [564,132]	 28
[286,36]	 27
[564,132]	 28
[196,122]	 27
[530,418]	 58
[226,416]	 55
[468,42]	 26
time 17059
6 circles detected


18th frame
target is [564,132]	 28
[470,40]	 28
[564,132]	 28
[288,36]	 27
[196,122]	 27
[532,420]	 58
[226,412]	 56
time 17421
6 circles detected


19th frame
target is [564,132]	 28
[470,40]	 28
[564,132]	 28
[288,36]	 27
[226,412]	 56
[530,418]	 57
[196,122]	 27
time 21619
6 circles detected


20th frame
target is [564,132]	 28
[564,132]	 28
[468,40]	 27
[288,36]	 27
[196,122]	 27
[224,414]	 57
[530,418]	 58
time 11046
6 circles detected


21st frame
target is [564,132]	 28
[468,40]	 27
[564,132]	 28
[288,36]	 27
[532,422]	 56
[226,414]	 57
[196,122]	 27
time 10732
6 circles detected


22nd frame
target is [564,132]	 28
[468,40]	 27
[564,132]	 28
[288,36]	 27
[196,122]	 27
[226,412]	 56
[530,420]	 58
time 11751
6 circles detected


23rd frame
target is [564,132]	 28
[468,40]	 27
[564,132]	 28
[288,36]	 27
[196,122]	 27
[226,414]	 57
[530,420]	 59
time 11078
6 circles detected


24th frame
target is [564,132]	 28
[564,132]	 28
[470,40]	 28
[288,36]	 27
[226,412]	 56
[196,122]	 27
[530,420]	 59
time 11112
6 circles detected


25th frame
target is [564,132]	 28
[564,132]	 28
[470,40]	 28
[286,36]	 27
[196,122]	 27
[226,414]	 57
[532,420]	 58
time 14832
6 circles detected


26th frame
target is [564,132]	 28
[564,132]	 28
[470,40]	 28
[226,412]	 57
[286,36]	 27
[196,122]	 27
[530,420]	 59
time 17073
6 circles detected


27th frame
target is [564,132]	 28
[468,40]	 27
[564,132]	 28
[286,36]	 27
[226,414]	 56
[196,122]	 27
[530,420]	 59
time 17088
6 circles detected


28th frame
target is [564,132]	 28
[468,40]	 27
[286,36]	 27
[564,132]	 28
[530,420]	 58
[196,122]	 27
[226,414]	 56
time 19058
6 circles detected


29th frame
target is [564,132]	 28
[286,36]	 27
[468,40]	 27
[564,132]	 28
[226,414]	 57
[530,420]	 59
[196,122]	 27
time 16223
6 circles detected


30th frame
target is [564,132]	 28
[286,36]	 27
[470,40]	 28
[564,132]	 28
[226,412]	 56
[196,124]	 27
[530,420]	 59
time 17936
6 circles detected


31st frame
target is [564,132]	 28
[470,40]	 28
[286,36]	 27
[564,132]	 28
[196,122]	 27
[226,412]	 57
[530,420]	 59
time 16517
6 circles detected


32nd frame
target is [564,132]	 28
[564,132]	 28
[470,40]	 27
[286,36]	 27
[196,122]	 27
[226,414]	 56
[530,418]	 57
time 16881
6 circles detected


33rd frame
target is [564,132]	 28
[564,132]	 28
[288,36]	 27
[196,122]	 27
[468,40]	 27
[530,420]	 58
[226,414]	 56
time 17559
6 circles detected


34th frame
target is [564,132]	 28
[470,40]	 28
[196,122]	 27
[288,36]	 27
[564,132]	 28
[226,416]	 55
[532,418]	 57
time 18959
6 circles detected


35th frame
target is [564,132]	 28
[470,40]	 27
[288,36]	 27
[196,122]	 27
[532,422]	 56
[564,132]	 28
[226,414]	 57
time 18652
6 circles detected


36th frame
target is [564,132]	 28
[468,40]	 27
[288,36]	 27
[196,122]	 27
[564,132]	 28
[226,412]	 57
[530,418]	 56
time 16555
6 circles detected


37th frame
target is [564,132]	 28
[288,36]	 27
[564,132]	 28
[468,40]	 27
[196,122]	 27
[532,420]	 58
[226,414]	 56
time 14579
6 circles detected


38th frame
target is [564,132]	 28
[288,36]	 27
[468,40]	 27
[564,132]	 28
[196,122]	 27
[226,414]	 57
[532,420]	 58
time 16098
6 circles detected


39th frame
target is [564,132]	 28
[468,40]	 27
[288,36]	 27
[226,414]	 56
[564,132]	 28
[196,122]	 27
[532,418]	 57
time 16889
6 circles detected


40th frame
target is [564,132]	 28
[468,40]	 27
[286,36]	 27
[564,132]	 28
[226,414]	 56
[530,420]	 59
time 12743
5 circles detected


41st frame
target is [562,132]	 28
[468,40]	 27
[286,36]	 27
[226,414]	 56
[562,132]	 28
[196,122]	 27
[532,422]	 56
time 15687
6 circles detected


42nd frame
target is [564,132]	 28
[468,40]	 27
[286,36]	 27
[564,132]	 28
[226,414]	 56
[196,122]	 27
[532,418]	 57
time 19866
6 circles detected


43rd frame
target is [564,132]	 28
[470,40]	 28
[286,36]	 27
[564,132]	 28
[196,122]	 27
[530,418]	 57
[224,414]	 58
time 17822
6 circles detected


44th frame
target is [564,132]	 28
[470,40]	 28
[286,36]	 27
[564,132]	 28
[196,122]	 27
[226,416]	 55
[534,418]	 59
time 17377
6 circles detected


45th frame
target is [564,132]	 28
[286,36]	 27
[564,132]	 28
[468,40]	 27
[530,420]	 59
[226,414]	 56
[196,122]	 27
time 16462
6 circles detected


46th frame
target is [564,132]	 28
[286,36]	 27
[470,40]	 28
[564,132]	 28
[196,122]	 27
[224,414]	 57
[530,420]	 60
time 18792
6 circles detected


47th frame
target is [564,132]	 28
[564,132]	 28
[286,36]	 27
[468,40]	 27
[530,420]	 60
[226,412]	 56
[194,120]	 30
time 17205
6 circles detected


48th frame
target is [564,132]	 28
[288,36]	 27
[564,132]	 28
[530,420]	 60
[226,414]	 57
time 16870
4 circles detected


49th frame
target is [564,132]	 28
[468,40]	 27
[288,36]	 27
[564,132]	 28
[196,122]	 27
[530,420]	 58
[228,412]	 56
time 17654
6 circles detected


50th frame
target is [564,132]	 28
[468,40]	 27
[286,36]	 27
[564,132]	 28
[226,414]	 56
[532,418]	 57
[196,122]	 27
time 17661
6 circles detected


51st frame
target is [564,132]	 27
[286,36]	 27
[468,40]	 27
[564,132]	 27
[196,122]	 27
[226,412]	 57
[530,418]	 58
time 17424
6 circles detected


52nd frame
target is [564,132]	 28
[468,40]	 27
[564,132]	 28
[286,36]	 27
[226,412]	 57
[530,418]	 57
[196,122]	 27
time 18234
6 circles detected


53rd frame
target is [564,132]	 28
[564,132]	 28
[468,40]	 27
[286,36]	 27
[196,122]	 27
[226,412]	 57
[530,418]	 57
time 16404
6 circles detected


54th frame
target is [564,132]	 28
[286,36]	 27
[468,40]	 27
[564,132]	 28
[196,122]	 27
[530,418]	 58
[226,412]	 56
time 20538
6 circles detected


55th frame
target is [564,132]	 28
[286,36]	 27
[468,40]	 27
[564,132]	 28
[196,122]	 27
[228,412]	 56
[532,418]	 57
time 11073
6 circles detected


56th frame
target is [564,132]	 28
[286,36]	 27
[468,40]	 27
[564,132]	 28
[532,416]	 56
[226,414]	 56
time 10941
5 circles detected


57th frame
target is [564,132]	 28
[286,36]	 27
[468,40]	 27
[564,132]	 28
[196,122]	 27
[530,418]	 57
[224,414]	 57
time 11334
6 circles detected


58th frame
target is [564,132]	 28
[468,40]	 27
[286,36]	 27
[564,132]	 28
[196,122]	 27
[226,414]	 57
[530,418]	 56
time 11945
6 circles detected


59th frame
target is [564,132]	 28
[468,40]	 27
[288,36]	 27
[196,122]	 27
[564,132]	 28
[226,414]	 57
[530,420]	 59
time 11700
6 circles detected


60th frame
target is [564,132]	 28
[468,40]	 27
[286,36]	 27
[564,132]	 28
[196,122]	 27
[224,412]	 58
[532,422]	 57
time 13620
6 circles detected


61st frame
target is [564,132]	 28
[468,40]	 27
[288,36]	 27
[564,132]	 28
[226,414]	 57
[196,122]	 27
[530,420]	 59
time 16912
6 circles detected


62nd frame
target is [564,132]	 28
[468,40]	 27
[564,132]	 28
[286,36]	 27
[196,122]	 27
[226,414]	 57
[534,422]	 56
time 16633
6 circles detected


63rd frame
target is [564,132]	 28
[468,40]	 27
[286,36]	 27
[224,414]	 58
[564,132]	 28
[196,122]	 27
[532,422]	 56
time 17567
6 circles detected


64th frame
target is [564,132]	 28
[564,132]	 28
[470,40]	 28
[196,122]	 27
[286,36]	 27
[530,420]	 59
[226,414]	 57
time 16770
6 circles detected


65th frame
target is [564,132]	 28
[286,36]	 27
[468,40]	 27
[564,132]	 28
[196,122]	 27
[226,412]	 56
[532,422]	 56
time 17316
6 circles detected


66th frame
target is [564,132]	 28
[468,40]	 27
[564,132]	 28
[286,36]	 27
[196,122]	 27
[226,412]	 57
[530,420]	 59
time 17935
6 circles detected


67th frame
target is [564,132]	 28
[468,40]	 27
[564,132]	 28
[286,36]	 27
[196,122]	 27
[226,412]	 56
[532,420]	 57
time 16826
6 circles detected


68th frame
target is [564,132]	 28
[470,40]	 28
[286,36]	 27
[564,132]	 28
[196,122]	 27
[226,412]	 56
[534,418]	 59
time 17081
6 circles detected


69th frame
target is [564,132]	 28
[564,132]	 28
[470,40]	 27
[286,36]	 27
[196,122]	 27
[532,422]	 56
[226,412]	 56
time 17241
6 circles detected


70th frame
target is [564,132]	 28
[564,132]	 28
[468,40]	 27
[286,36]	 27
[196,122]	 27
[532,422]	 56
[226,414]	 57
time 19174
6 circles detected


71st frame
target is [564,132]	 28
[470,40]	 28
[564,132]	 28
[288,36]	 27
[196,122]	 27
[226,412]	 57
[532,420]	 58
time 13181
6 circles detected


72nd frame
target is [564,132]	 28
[470,40]	 28
[288,36]	 27
[564,132]	 28
[226,412]	 57
[196,122]	 27
[532,422]	 56
time 16234
6 circles detected


73rd frame
target is [564,132]	 28
[564,132]	 28
[286,36]	 27
[470,40]	 28
[196,122]	 27
[226,414]	 56
[532,422]	 56
time 18379
6 circles detected


74th frame
target is [564,132]	 28
[564,132]	 28
[286,36]	 27
[470,40]	 28
[226,414]	 57
[530,418]	 56
[196,122]	 27
time 12700
6 circles detected


75th frame
target is [564,132]	 28
[470,40]	 27
[564,132]	 28
[286,36]	 27
[196,122]	 27
[226,414]	 56
[530,420]	 59
time 12121
6 circles detected


76th frame
target is [564,132]	 28
[564,132]	 28
[286,36]	 27
[470,40]	 28
[196,122]	 27
[226,414]	 56
[530,420]	 59
time 12643
6 circles detected


77th frame
target is [564,132]	 28
[286,36]	 27
[470,40]	 28
[564,132]	 28
[196,122]	 27
[226,414]	 56
[532,422]	 56
time 19629
6 circles detected


78th frame
target is [564,132]	 28
[468,40]	 27
[564,132]	 28
[286,36]	 27
[226,414]	 57
[196,122]	 27
[530,420]	 59
time 15028
6 circles detected


79th frame
target is [564,132]	 28
[470,40]	 28
[564,132]	 28
[286,36]	 27
[226,414]	 57
[196,122]	 27
[530,420]	 59
time 16536
6 circles detected


80th frame
target is [564,132]	 28
[564,132]	 28
[470,40]	 28
[286,36]	 27
[226,414]	 57
[196,122]	 27
[530,420]	 59
time 16576
6 circles detected


81st frame
target is [564,132]	 28
[470,40]	 28
[564,132]	 28
[288,36]	 27
[196,122]	 27
[530,420]	 59
[226,414]	 56
time 17252
6 circles detected


82nd frame
target is [564,132]	 28
[470,40]	 28
[564,132]	 28
[288,36]	 27
[226,414]	 57
[196,122]	 27
[530,420]	 59
time 18860
6 circles detected


83rd frame
target is [564,132]	 28
[470,40]	 28
[196,122]	 27
[286,36]	 27
[564,132]	 28
[224,414]	 57
[530,420]	 59
time 17389
6 circles detected


84th frame
target is [564,132]	 28
[470,40]	 28
[564,132]	 28
[196,122]	 27
[288,36]	 27
[226,414]	 57
[530,418]	 57
time 17321
6 circles detected


85th frame
target is [564,132]	 28
[470,40]	 28
[286,36]	 27
[564,132]	 28
[226,412]	 57
[196,122]	 27
[530,420]	 59
time 16632
6 circles detected


86th frame
target is [564,132]	 28
[468,40]	 27
[564,132]	 28
[226,414]	 56
[288,36]	 27
[196,122]	 27
[530,420]	 59
time 17301
6 circles detected


87th frame
target is [564,132]	 28
[286,36]	 27
[564,132]	 28
[470,40]	 28
[196,122]	 27
[530,420]	 59
[226,414]	 56
time 11476
6 circles detected


88th frame
target is [564,132]	 28
[564,132]	 28
[470,40]	 28
[286,36]	 27
[530,420]	 59
[226,414]	 56
[196,122]	 27
time 11251
6 circles detected


89th frame
target is [564,132]	 28
[468,40]	 27
[286,36]	 27
[564,132]	 28
[530,418]	 58
[226,414]	 56
[196,122]	 27
time 11288
6 circles detected


90th frame
target is [564,132]	 28
[470,40]	 28
[286,36]	 27
[564,132]	 28
[226,414]	 56
[196,122]	 27
[530,418]	 58
time 11061
6 circles detected


91st frame
target is [564,132]	 28
[468,40]	 27
[286,36]	 27
[564,132]	 28
[532,422]	 57
[226,414]	 56
[196,122]	 27
time 16206
6 circles detected


92nd frame
target is [564,132]	 28
[470,40]	 28
[286,36]	 27
[564,132]	 28
[196,122]	 27
[530,420]	 59
[224,414]	 57
time 19394
6 circles detected


93rd frame
target is [564,132]	 28
[468,40]	 27
[564,132]	 28
[196,122]	 27
[286,36]	 27
[530,420]	 59
[226,412]	 57
time 19277
6 circles detected


94th frame
target is [564,132]	 28
[468,40]	 27
[564,132]	 28
[196,122]	 27
[530,420]	 59
[286,36]	 27
[226,416]	 55
time 19716
6 circles detected


95th frame
target is [564,132]	 28
[468,40]	 27
[564,132]	 28
[196,122]	 27
[286,36]	 27
[226,416]	 55
[530,420]	 59
time 17731
6 circles detected


96th frame
target is [564,132]	 28
[196,122]	 27
[564,132]	 28
[286,36]	 27
[530,418]	 57
[226,416]	 55
[468,42]	 29
time 17718
6 circles detected


97th frame
target is [564,132]	 28
[564,132]	 28
[468,40]	 27
[286,36]	 27
[226,414]	 57
[196,122]	 27
[530,420]	 59
time 17532
6 circles detected


98th frame
target is [564,132]	 28
[564,132]	 28
[288,36]	 27
[226,412]	 57
[196,122]	 27
[532,422]	 56
time 17326
5 circles detected


99th frame
target is [564,132]	 28
[470,40]	 28
[564,132]	 28
[286,36]	 27
[196,122]	 27
[226,414]	 56
[532,422]	 56
time 17442
6 circles detected


100th frame
target is [564,132]	 28
[470,40]	 28
[196,122]	 27
[564,132]	 28
[226,412]	 57
[286,36]	 27
[532,420]	 57
time 17269
6 circles detected


101st frame
target is [564,132]	 28
[470,40]	 28
[288,36]	 27
[564,132]	 28
[196,122]	 27
[226,414]	 56
[530,420]	 59
time 14143
6 circles detected


102nd frame
target is [564,132]	 28
[470,40]	 28
[288,36]	 27
[564,132]	 28
[196,122]	 27
[532,422]	 56
[226,412]	 56
time 18971
6 circles detected


103rd frame
target is [564,132]	 28
[288,36]	 27
[470,40]	 28
[564,132]	 28
[196,122]	 27
[532,420]	 58
[226,412]	 56
time 17298
6 circles detected


104th frame
target is [564,132]	 28
[470,40]	 28
[288,36]	 27
[564,132]	 28
[196,122]	 27
[534,420]	 56
[226,412]	 57
time 17530
6 circles detected


105th frame
target is [564,132]	 28
[470,40]	 28
[288,36]	 27
[564,132]	 28
[196,122]	 27
[226,414]	 56
[530,420]	 59
time 17783
6 circles detected


106th frame
target is [564,132]	 28
[468,40]	 27
[196,122]	 27
[288,36]	 27
[564,132]	 28
[530,418]	 56
[226,412]	 56
time 19845
6 circles detected


107th frame
target is [564,132]	 28
[288,36]	 27
[564,132]	 28
[196,122]	 27
[226,416]	 55
[530,416]	 56
[468,42]	 29
time 17223
6 circles detected


108th frame
target is [564,132]	 28
[288,36]	 27
[470,40]	 28
[196,122]	 27
[564,132]	 28
[226,412]	 56
[530,418]	 57
time 23721
6 circles detected


109th frame
target is [564,132]	 28
[564,132]	 28
[470,40]	 28
[286,36]	 27
[196,122]	 27
[532,420]	 57
[224,414]	 58
time 11223
6 circles detected


110th frame
target is [564,132]	 28
[468,40]	 27
[564,132]	 28
[286,36]	 27
[196,122]	 27
[226,414]	 57
[530,418]	 57
time 11247
6 circles detected


111st frame
target is [564,132]	 28
[564,132]	 28
[470,40]	 28
[286,36]	 27
[226,414]	 57
[532,420]	 58
[196,122]	 27
time 10727
6 circles detected


112nd frame
target is [564,132]	 28
[470,40]	 28
[564,132]	 28
[286,36]	 27
[226,414]	 57
[196,122]	 27
[530,418]	 58
time 10814
6 circles detected


113rd frame
target is [564,132]	 28
[470,40]	 28
[564,132]	 28
[196,122]	 27
[288,36]	 27
[532,420]	 57
[226,412]	 56
time 10808
6 circles detected


114th frame
target is [564,132]	 28
[470,40]	 28
[564,132]	 28
[288,36]	 27
[196,122]	 27
[226,412]	 57
[530,418]	 57
time 11018
6 circles detected


115th frame
target is [564,132]	 28
[564,132]	 28
[468,40]	 28
[286,36]	 27
[196,122]	 27
[532,420]	 57
[226,412]	 57
time 10737
6 circles detected


116th frame
target is [564,132]	 28
[470,40]	 28
[564,132]	 28
[288,36]	 27
[196,122]	 27
[226,414]	 56
[532,416]	 56
time 15156
6 circles detected


117th frame
target is [564,132]	 28
[288,36]	 27
[564,132]	 28
[470,40]	 28
[196,122]	 27
[226,412]	 57
[532,418]	 58
time 16679
6 circles detected


118th frame
target is [564,132]	 28
[288,36]	 27
[470,40]	 28
[564,132]	 28
[196,122]	 27
[226,412]	 56
[532,416]	 56
time 19871
6 circles detected


119th frame
target is [564,132]	 28
[288,36]	 27
[470,40]	 28
[564,132]	 28
[530,420]	 59
[196,122]	 27
[226,414]	 57
time 18054
6 circles detected


120th frame
target is [564,132]	 28
[288,36]	 27
[470,40]	 28
[196,122]	 27
[564,132]	 28
[532,420]	 58
[226,416]	 55
time 15930
6 circles detected


121st frame
target is [564,132]	 28
[470,40]	 28
[564,132]	 28
[288,36]	 27
[196,122]	 27
[226,410]	 55
[530,418]	 58
time 17095
6 circles detected


122nd frame
target is [564,132]	 28
[468,40]	 27
[196,122]	 27
[286,36]	 27
[564,132]	 28
[532,418]	 57
[226,412]	 56
time 16776
6 circles detected


123rd frame
target is [564,132]	 28
[470,40]	 28
[196,122]	 27
[564,132]	 28
[288,36]	 27
[226,416]	 55
[530,418]	 58
time 16893
6 circles detected


124th frame
target is [564,132]	 28
[470,40]	 27
[288,36]	 27
[196,122]	 27
[564,132]	 28
[226,412]	 56
[532,416]	 56
time 17172
6 circles detected


125th frame
target is [564,132]	 27
[470,40]	 28
[286,36]	 27
[196,122]	 27
[564,132]	 27
[226,414]	 56
[530,418]	 57
time 21432
6 circles detected


126th frame
target is [564,132]	 28
[468,40]	 28
[196,122]	 27
[564,132]	 28
[224,414]	 58
[530,418]	 57
time 15317
5 circles detected


